950180550218481775
743552100767760435
789558301359996989
587340737994031105
646845950928748556
690026034338463754
694699551981961237
757848738986459156
680541988625711136
563470292115259403
829052760720670731
883903395289780286
938345532626186242
689589720099193050
966052759637991485
949421772179120138
631649606404669480
840811723043766272
923657834577678399
810145850561921046
814261248412745819
323947428006985732
382451165323067403
791662733366919169
269470086950158336
973980189258313738
576330543873130496
702484463338127401
794293617728028703
840709064798896139
426677944157601802
926425540255174707
753598178103656558
962709561188446238
426420881863213066
853969307372093461
358659207874215953
926555189526294539
443780029776920616
746409936606593135
538920272745725962
847565362861572117
969839376626515998
631623541741322240
704247495135461448
761616721613422633
713565553591058472
956044477640876093
365493360539992074
709614328638341182
963656664513413160
859155182917910559
362471106382397454
909387633103360021
525380633015484417
473436513309556737
920084742156714075
934049960796778506
420129881737658368
694853233629200384
951706488756387880
960395752599851038
753686086772850698
762739282284118039
251592522260807680
763746102683893771
693870290413027373
664916293719293952
176274676610367488
874933316103594054
789802690695135262
829003491958587422
409491693558169600
862700413459759114
932950768036741151
935616257418477618
819615699219251231
854834563502178325
762286294784933899
688540983092445236
860775840651673640
706612492067012631
472593078306471952
781060923103772672
875764936880578631
909678066056441886
637915018750459924
784146396554592307
671412981233614888
726060695535353896
622635265281753153
695851984208789514
852190461736517654
918565617701883955
975323425482620988
980161299105341500
755507659037212744
701648954227687504
356625452283985922
914836821547036723
919301251315937341
897468110808973422
858409133878411265
545642938961625099
919233765631467521
924380156687171614
954372342887378944
685364393071869963
829883257670860820
864291067105247263
701164965725339678
625418201999867944
259651675545927681
923563369989046324
694533757579034664
807920954876624927
943676202592374894
955762432456916993
709553174301769838
716380701288693852